Target Behavior: Agg
Experiment Type: CMA
Particle Sizes: ["(10,7)"]
Initialization Seeds: [566372, 31728]
Representation Granularity: 10
Population Size: 50
Max Generations: 100
Mutation Rate: 0.005
Elitist Count: 0
Cross-over: true
Search Interval: ["[0,1]"]

Starting Aggregation CMA-ES Experiment...

Starting Gen:0
Avg. Fitness -> 0.5222943722943725
Population diversity -> 0
Best Genome -> Genome { string: [[[0.15553, 0.70551, 0.49352, 0.78322], [0.10006, 0.85780, 0.05751, 0.32809], [0.17741, 0.31106, 0.92943, 0.24894]], [[0.23129, 0.87715, 0.99753, 0.69382], [0.05476, 0.74466, 0.83709, 0.78959], [0.26128, 0.98465, 0.12287, 0.90565]], [[0.60923, 0.29582, 0.95400, 0.85113], [0.00361, 0.45711, 0.35224, 0.86309], [0.85265, 0.79387, 0.46479, 0.17105]], [[0.64470, 0.43506, 0.20252, 0.44396], [0.30038, 0.08123, 0.87981, 0.06085], [0.96094, 0.00553, 0.33884, 0.67117]]], fitness: 0.61255 }
Generation Elapsed Time: 2s
Starting Gen:1
Avg. Fitness -> 0.535887445887446
Population diversity -> 0.030540438
Best Genome -> Genome { string: [[[1.00000, 0.00000, 1.00000, 1.00000], [1.00000, 0.00000, 0.00000, 0.17193], [0.00000, 0.57788, 0.51190, 0.00000]], [[0.00000, 1.00000, 0.92056, 1.00000], [0.00000, 1.00000, 1.00000, 1.00000], [1.00000, 1.00000, 1.00000, 1.00000]], [[0.17164, 1.00000, 1.00000, 0.46827], [0.00000, 0.00000, 0.25072, 1.00000], [0.20978, 1.00000, 0.63587, 1.00000]], [[1.00000, 0.00000, 0.00000, 0.00000], [0.00000, 1.00000, 0.00000, 1.00000], [0.00000, 0.00000, 0.00000, 0.00000]]], fitness: 0.63528 }
Generation Elapsed Time: 2s
Starting Gen:2
Avg. Fitness -> 0.5353896103896103
Population diversity -> 0.0439418
Best Genome -> Genome { string: [[[1.00000, 0.00000, 1.00000, 0.02362], [1.00000, 0.00000, 0.00000, 1.00000], [1.00000, 1.00000, 1.00000, 1.00000]], [[1.00000, 0.00000, 1.00000, 1.00000], [0.00000, 0.00000, 0.86183, 1.00000], [0.00000, 0.56783, 0.00000, 1.00000]], [[0.00000, 0.00000, 0.00000, 0.00000], [0.00000, 0.09229, 0.00000, 1.00000], [0.00000, 1.00000, 1.00000, 0.00000]], [[0.00000, 0.47249, 0.32082, 1.00000], [0.00000, 0.00000, 0.00000, 0.00000], [1.00000, 1.00000, 0.00000, 1.00000]]], fitness: 0.76623 }
Generation Elapsed Time: 2s
Starting Gen:3
Avg. Fitness -> 0.5254329004329003
Population diversity -> 0.048745275
Best Genome -> Genome { string: [[[0.00000, 0.00000, 1.00000, 0.00000], [0.00000, 0.00000, 1.00000, 1.00000], [1.00000, 1.00000, 0.22822, 0.00000]], [[0.00000, 0.00000, 1.00000, 0.00000], [1.00000, 1.00000, 1.00000, 1.00000], [1.00000, 0.00000, 1.00000, 1.00000]], [[1.00000, 0.00000, 1.00000, 0.00000], [0.00000, 1.00000, 0.00000, 1.00000], [0.00000, 1.00000, 1.00000, 1.00000]], [[0.00000, 0.00000, 1.00000, 0.00000], [0.00000, 0.00000, 1.00000, 1.00000], [0.00000, 0.00000, 0.25615, 0.00000]]], fitness: 0.62554 }
Generation Elapsed Time: 2s
Starting Gen:4
Avg. Fitness -> 0.5360606060606061
Population diversity -> 0.049276266
Best Genome -> Genome { string: [[[0.00000, 0.00000, 0.38720, 0.00000], [1.00000, 1.00000, 1.00000, 0.00000], [0.00000, 0.00000, 0.00000, 0.00000]], [[0.00000, 0.00000, 0.00000, 0.00000], [1.00000, 1.00000, 0.00000, 1.00000], [1.00000, 1.00000, 0.00000, 0.00000]], [[0.00000, 0.00000, 0.17560, 1.00000], [1.00000, 0.00000, 0.00000, 0.00000], [0.00000, 0.00000, 0.00000, 1.00000]], [[0.00000, 0.00000, 0.00000, 0.00000], [0.00000, 0.00000, 0.00000, 1.00000], [0.00000, 0.00000, 1.00000, 0.29217]]], fitness: 0.66667 }
Generation Elapsed Time: 2s
Starting Gen:5
Avg. Fitness -> 0.5254112554112553
Population diversity -> 0.048408918
Best Genome -> Genome { string: [[[0.00000, 0.00000, 1.00000, 1.00000], [0.00000, 1.00000, 1.00000, 0.00000], [0.88145, 0.00000, 1.00000, 0.78642]], [[1.00000, 1.00000, 1.00000, 0.00000], [1.00000, 0.00000, 1.00000, 1.00000], [1.00000, 1.00000, 1.00000, 0.00000]], [[0.00000, 0.00000, 1.00000, 0.00000], [0.00000, 0.00000, 0.00000, 0.00000], [0.00000, 0.00000, 1.00000, 0.33837]], [[1.00000, 0.00000, 0.00000, 0.68487], [0.00000, 1.00000, 1.00000, 1.00000], [0.00000, 0.00000, 1.00000, 1.00000]]], fitness: 0.62987 }
Generation Elapsed Time: 2s
Starting Gen:6
Avg. Fitness -> 0.5400649350649349
Population diversity -> 0.046037413
Best Genome -> Genome { string: [[[0.00000, 1.00000, 0.00000, 0.00000], [0.00000, 0.00000, 1.00000, 1.00000], [0.00000, 1.00000, 1.00000, 1.00000]], [[0.00000, 0.00000, 1.00000, 1.00000], [0.00000, 0.00000, 0.00000, 0.69987], [1.00000, 1.00000, 0.45883, 0.25905]], [[0.00000, 1.00000, 1.00000, 0.00000], [0.00000, 0.63271, 1.00000, 1.00000], [0.00000, 1.00000, 1.00000, 0.00000]], [[0.00000, 0.00000, 1.00000, 1.00000], [0.00000, 0.00000, 1.00000, 1.00000], [0.00000, 0.00000, 0.00000, 0.00000]]], fitness: 0.96537 }
Generation Elapsed Time: 2s
Starting Gen:7
Avg. Fitness -> 0.5368831168831169
Population diversity -> 0.041617535
Best Genome -> Genome { string: [[[0.12878, 1.00000, 1.00000, 1.00000], [0.26736, 1.00000, 0.00000, 0.00000], [0.00000, 0.00000, 0.03699, 1.00000]], [[1.00000, 0.00000, 1.00000, 1.00000], [0.10136, 0.00000, 1.00000, 0.37917], [0.00000, 0.00000, 0.00000, 0.00000]], [[1.00000, 0.00000, 0.00000, 1.00000], [0.00000, 0.00000, 0.00000, 1.00000], [0.00000, 0.00000, 0.00000, 1.00000]], [[0.44385, 1.00000, 1.00000, 1.00000], [0.59985, 0.00000, 0.00000, 0.00000], [0.00000, 1.00000, 0.00000, 0.00000]]], fitness: 0.63095 }
Generation Elapsed Time: 2s
Starting Gen:8
Avg. Fitness -> 0.5423809523809523
Population diversity -> 0.030540438
Best Genome -> Genome { string: [[[0.00000, 0.12092, 1.00000, 1.00000], [0.60414, 0.72896, 1.00000, 0.00000], [1.00000, 0.00000, 0.62235, 1.00000]], [[0.00000, 0.00000, 1.00000, 1.00000], [0.00000, 0.00000, 1.00000, 0.00000], [0.94664, 1.00000, 1.00000, 0.00000]], [[1.00000, 1.00000, 0.15937, 0.00000], [0.89399, 0.33317, 0.00000, 1.00000], [0.09314, 0.22503, 0.91883, 1.00000]], [[1.00000, 1.00000, 0.00000, 0.67127], [0.00000, 0.00000, 0.00000, 0.00000], [0.88863, 0.00000, 0.00000, 0.00000]]], fitness: 0.65152 }
Generation Elapsed Time: 2s
Starting Gen:9
Avg. Fitness -> 0.546991341991342
Population diversity -> 0.01595805
Best Genome -> Genome { string: [[[0.00000, 0.34175, 0.89294, 1.00000], [0.26257, 1.00000, 0.79368, 0.00000], [0.03828, 0.21848, 0.81525, 1.00000]], [[1.00000, 1.00000, 0.93907, 0.00000], [0.83733, 0.93071, 1.00000, 0.00000], [0.00000, 0.95042, 1.00000, 0.30338]], [[0.65515, 1.00000, 0.00000, 0.64506], [0.00000, 0.00000, 1.00000, 1.00000], [0.33045, 0.00000, 1.00000, 0.08899]], [[0.00000, 0.48328, 0.00000, 0.53028], [0.00000, 0.00000, 0.35676, 0.55776], [0.00000, 0.00000, 1.00000, 1.00000]]], fitness: 0.72944 }
Generation Elapsed Time: 2s
Starting Gen:10
Avg. Fitness -> 0.5740909090909092
Population diversity -> 0.002637944
Best Genome -> Genome { string: [[[0.23394, 0.00000, 0.17732, 0.92468], [0.02970, 0.84207, 1.00000, 0.52454], [0.38730, 0.00000, 0.43504, 0.42081]], [[0.49345, 0.96179, 0.00000, 1.00000], [0.00000, 0.42897, 0.94802, 0.57281], [0.20202, 0.02036, 0.20163, 0.30466]], [[0.58321, 0.55736, 1.00000, 0.52962], [0.05994, 0.14941, 0.39026, 0.20000], [0.00000, 0.00000, 0.22541, 0.72694]], [[1.00000, 0.16624, 0.41127, 0.63879], [0.52575, 0.00000, 0.00000, 0.04229], [0.69506, 0.07956, 0.43169, 0.45470]]], fitness: 0.62229 }
Generation Elapsed Time: 2s
Starting Gen:11
Avg. Fitness -> 0.5899134199134197
Population diversity -> 0.00025132275
Best Genome -> Genome { string: [[[0.66813, 0.62295, 0.55213, 0.80651], [0.42848, 0.61570, 0.36649, 0.65785], [0.47685, 0.94890, 0.22823, 0.61012]], [[1.00000, 0.61714, 0.95646, 0.48899], [0.00000, 0.57361, 0.93098, 0.37947], [0.86167, 0.29994, 0.89888, 0.03107]], [[0.43648, 0.66702, 0.60653, 0.76155], [0.00000, 0.10382, 1.00000, 0.75865], [0.27772, 0.25174, 0.24456, 0.68970]], [[0.17316, 0.49978, 0.66924, 0.40350], [0.54714, 0.12134, 0.19581, 0.36263], [0.00000, 0.44658, 0.70749, 0.27630]]], fitness: 0.66017 }
Generation Elapsed Time: 2s
Starting Gen:12
Avg. Fitness -> 0.6241991341991342
Population diversity -> 0.000020786092
Best Genome -> Genome { string: [[[0.09070, 0.60200, 0.72654, 0.68612], [0.64160, 0.33177, 0.71495, 0.61884], [0.50250, 0.93038, 0.60236, 0.32740]], [[0.45737, 0.39859, 0.85907, 0.49340], [0.00000, 0.56786, 0.95798, 0.56037], [0.27844, 0.45435, 0.49300, 0.14046]], [[0.00000, 0.30647, 0.78173, 0.75285], [0.04588, 0.00000, 0.37285, 0.06878], [0.09523, 0.09616, 0.50949, 0.47724]], [[0.08985, 0.04077, 0.42764, 0.15221], [0.10559, 0.00000, 0.00000, 0.59129], [0.45144, 0.22544, 0.30750, 0.15223]]], fitness: 0.75758 }
Generation Elapsed Time: 1s
Starting Gen:13
Avg. Fitness -> 0.6552164502164505
Population diversity -> 0
Best Genome -> Genome { string: [[[0.41517, 0.61683, 0.35618, 0.66248], [0.35916, 0.97627, 0.90969, 0.59562], [0.48485, 0.87088, 0.63167, 0.76830]], [[0.69863, 0.43837, 0.75888, 0.44366], [0.04242, 0.67213, 0.97427, 0.46474], [0.25948, 0.30423, 0.87711, 0.48143]], [[0.28476, 0.52353, 0.65644, 0.57704], [0.00000, 0.04371, 0.66477, 0.31266], [0.12944, 0.52067, 0.58681, 0.88354]], [[0.15198, 0.22579, 0.70827, 0.06867], [0.07611, 0.00967, 0.34372, 0.76925], [0.53106, 0.00000, 0.33734, 0.76462]]], fitness: 0.73160 }
Generation Elapsed Time: 2s
Starting Gen:14
Avg. Fitness -> 0.6798268398268398
Population diversity -> 0.000005668934
Best Genome -> Genome { string: [[[0.24125, 0.71894, 0.55082, 0.46594], [0.76670, 0.43050, 0.74910, 0.81843], [0.46778, 0.69970, 0.27526, 0.57880]], [[0.54487, 0.09801, 0.69946, 0.59520], [0.00000, 0.34482, 0.81569, 0.14074], [0.27122, 0.07360, 0.31397, 0.00000]], [[0.00000, 0.30790, 0.66692, 0.52923], [0.04453, 0.00000, 0.89599, 0.33039], [0.00000, 0.54840, 0.84022, 0.53047]], [[0.21305, 0.40963, 0.98253, 0.24449], [0.00000, 0.09401, 0.24437, 0.78911], [0.00000, 0.00000, 0.00000, 0.53375]]], fitness: 0.82035 }
Generation Elapsed Time: 1s
Starting Gen:15
Avg. Fitness -> 0.6962987012987014
Population diversity -> 0.000086923654
Best Genome -> Genome { string: [[[0.39803, 0.51042, 0.45573, 0.65344], [0.49404, 0.29350, 1.00000, 0.43246], [0.34957, 1.00000, 0.29190, 0.80800]], [[0.12397, 0.48714, 0.65159, 0.38968], [0.00000, 0.71306, 0.97998, 0.80995], [0.51013, 0.41486, 0.96406, 0.41919]], [[0.01770, 0.84554, 0.47473, 0.29684], [0.00000, 0.05143, 0.94810, 0.54181], [0.15277, 0.17153, 0.77298, 0.59370]], [[0.00000, 0.65935, 0.88790, 0.73403], [0.00000, 0.04361, 0.21593, 0.65104], [0.00000, 0.00000, 0.45379, 0.36057]]], fitness: 0.95996 }
Generation Elapsed Time: 1s
Starting Gen:16
Avg. Fitness -> 0.7014285714285714
Population diversity -> 0.000045351473
Best Genome -> Genome { string: [[[0.22656, 0.61946, 0.50593, 0.56116], [0.62358, 0.57747, 0.57880, 0.44015], [0.68810, 0.94637, 0.14750, 0.96879]], [[0.00000, 1.00000, 0.74741, 0.49744], [0.00000, 0.71036, 0.99461, 0.28981], [0.29049, 0.25149, 0.17745, 0.45394]], [[0.00000, 0.59854, 0.46088, 0.08071], [0.00000, 0.10868, 0.69365, 1.00000], [0.00411, 0.00000, 0.46869, 0.86870]], [[0.00000, 0.52173, 0.62178, 0.61609], [0.16564, 0.00000, 0.75776, 0.71978], [0.12655, 0.00000, 0.12827, 0.60530]]], fitness: 0.83874 }
Generation Elapsed Time: 1s
Starting Gen:17
Avg. Fitness -> 0.6946753246753248
Population diversity -> 0.00011526833
Best Genome -> Genome { string: [[[0.00000, 0.37605, 0.50008, 0.36941], [0.50938, 0.32742, 0.93123, 0.98995], [0.52771, 0.65793, 0.44282, 0.36371]], [[0.12215, 0.77088, 0.64363, 0.49084], [0.00000, 0.11842, 1.00000, 0.55212], [0.35846, 0.35571, 0.67057, 0.09141]], [[0.00000, 0.49194, 0.71712, 0.60438], [0.00000, 0.00000, 0.90509, 0.56864], [0.37851, 0.05639, 0.80001, 0.74960]], [[0.00000, 0.44787, 0.80298, 0.63429], [0.00000, 0.06262, 0.00000, 0.80402], [0.17830, 0.00000, 0.20499, 0.19977]]], fitness: 0.94481 }
Generation Elapsed Time: 1s
Starting Gen:18
Avg. Fitness -> 0.7163203463203464
Population diversity -> 0.000005668934
Best Genome -> Genome { string: [[[0.27734, 0.56835, 0.24135, 0.67733], [0.49276, 0.64833, 0.47168, 0.35599], [0.65426, 0.80186, 0.59156, 0.12629]], [[0.01669, 0.45243, 0.15379, 0.41109], [0.00000, 0.27377, 0.83868, 0.65931], [0.04906, 0.23301, 0.90718, 0.68544]], [[0.00000, 0.25527, 0.13506, 0.27082], [0.00000, 0.05628, 0.52781, 0.72477], [0.17176, 0.00000, 0.55197, 0.55013]], [[0.00000, 0.39328, 0.36074, 0.39614], [0.24241, 0.00000, 0.23702, 0.87642], [0.00359, 0.09339, 0.00000, 0.17498]]], fitness: 0.85498 }
Generation Elapsed Time: 1s
Starting Gen:19
Avg. Fitness -> 0.7193506493506493
Population diversity -> 0.000007558579
Best Genome -> Genome { string: [[[0.00000, 0.80317, 0.31914, 0.47625], [0.12588, 0.66474, 0.77818, 0.62868], [0.23002, 0.78514, 0.67530, 0.57539]], [[0.50259, 0.53697, 0.57964, 0.74972], [0.15752, 0.19514, 0.93972, 0.46143], [0.21610, 0.00000, 1.00000, 0.27478]], [[0.00000, 0.19022, 0.58739, 0.06947], [0.13308, 0.07580, 0.76602, 0.53954], [0.07589, 0.39626, 0.64985, 0.45302]], [[0.00000, 0.36819, 0.45257, 0.00000], [0.00000, 0.00622, 0.08103, 0.64078], [0.00000, 0.00000, 0.23106, 0.65966]]], fitness: 0.93074 }
Generation Elapsed Time: 1s
Starting Gen:20
Avg. Fitness -> 0.7462337662337661
Population diversity -> 0
Best Genome -> Genome { string: [[[0.09009, 0.51631, 0.44265, 0.25741], [0.51158, 0.36223, 0.74374, 0.64121], [0.57409, 0.82685, 0.64169, 0.31655]], [[0.03588, 0.61015, 0.35500, 0.38593], [0.00000, 0.45750, 0.91785, 0.62485], [0.39192, 0.45590, 0.88829, 0.10283]], [[0.00000, 0.00000, 0.55923, 0.05906], [0.00000, 0.22969, 0.65338, 0.70728], [0.33010, 0.33481, 0.80629, 0.62926]], [[0.00000, 0.41541, 0.51818, 0.35204], [0.00000, 0.05685, 0.36678, 0.63932], [0.07775, 0.01884, 0.30831, 0.83870]]], fitness: 0.95238 }
Generation Elapsed Time: 1s
Starting Gen:21
Avg. Fitness -> 0.7556926406926407
Population diversity -> 0
Best Genome -> Genome { string: [[[0.00000, 0.42102, 0.43617, 0.36477], [0.42771, 0.53034, 0.80068, 0.73121], [0.32430, 0.66959, 0.52743, 0.32529]], [[0.00000, 0.61537, 0.56406, 0.49583], [0.12461, 0.35735, 0.74075, 0.61852], [0.27384, 0.41558, 0.70767, 0.36663]], [[0.00000, 0.39759, 0.49377, 0.33119], [0.00000, 0.03792, 0.81947, 0.39130], [0.29606, 0.29436, 0.38486, 0.48344]], [[0.20427, 0.07529, 0.39371, 0.23219], [0.00000, 0.00000, 0.15047, 0.23166], [0.13338, 0.10431, 0.22689, 0.65076]]], fitness: 0.84957 }
Generation Elapsed Time: 1s
Starting Gen:22
Avg. Fitness -> 0.749004329004329
Population diversity -> 0
Best Genome -> Genome { string: [[[0.13472, 0.45223, 0.53641, 0.20676], [0.16294, 0.61216, 0.77135, 0.80911], [0.36000, 0.99007, 0.77767, 0.35621]], [[0.16825, 0.80116, 0.27068, 0.57367], [0.00000, 0.78213, 0.86966, 0.34424], [0.05606, 0.11976, 0.98371, 0.48321]], [[0.00757, 0.31466, 0.51702, 0.32039], [0.00000, 0.08328, 0.79779, 0.41825], [0.22881, 0.15056, 0.74933, 0.64129]], [[0.00000, 0.15869, 0.38779, 0.20899], [0.00000, 0.12407, 0.29075, 0.81793], [0.28850, 0.22756, 0.35540, 0.70301]]], fitness: 0.93182 }
Generation Elapsed Time: 1s
Starting Gen:23
Avg. Fitness -> 0.7468831168831167
Population diversity -> 0
Best Genome -> Genome { string: [[[0.13149, 0.49759, 0.31757, 0.58099], [0.43903, 0.53783, 0.60661, 0.79186], [0.11127, 1.00000, 0.46114, 0.48090]], [[0.11873, 0.37774, 0.52731, 0.29978], [0.37713, 0.89311, 0.92400, 0.32293], [0.80185, 0.05317, 0.76771, 0.37040]], [[0.00000, 0.07770, 0.96963, 0.00473], [0.00000, 0.00000, 0.68838, 0.54714], [0.14216, 0.20787, 0.50767, 0.53538]], [[0.01588, 0.26129, 0.57951, 0.35232], [0.00000, 0.00000, 0.07678, 0.44208], [0.17857, 0.11227, 0.15957, 0.76369]]], fitness: 0.88528 }
Generation Elapsed Time: 1s
Starting Gen:24
Avg. Fitness -> 0.7455411255411255
Population diversity -> 0.000007558579
Best Genome -> Genome { string: [[[0.00000, 0.33849, 0.43666, 0.55718], [0.50263, 0.52606, 0.54332, 0.67046], [0.60020, 0.85912, 0.84820, 0.52440]], [[0.01127, 0.74194, 0.00000, 0.40710], [0.00000, 0.55020, 0.85913, 0.70927], [0.62848, 0.18664, 0.84371, 0.00000]], [[0.00000, 0.11563, 0.39276, 0.00000], [0.00000, 0.10919, 0.74297, 0.21786], [0.27315, 0.32813, 0.44383, 0.62363]], [[0.00000, 0.16366, 0.18119, 0.67160], [0.04856, 0.00000, 0.25811, 0.79972], [0.01327, 0.19284, 0.04762, 0.54760]]], fitness: 0.90909 }
Generation Elapsed Time: 1s
Starting Gen:25
Avg. Fitness -> 0.7629870129870132
Population diversity -> 0
Best Genome -> Genome { string: [[[0.08122, 0.42742, 0.15873, 0.19457], [0.28688, 0.55310, 0.60426, 0.81042], [0.51518, 0.99936, 0.61500, 0.76068]], [[0.00000, 0.59011, 0.41314, 0.17864], [0.06678, 0.76081, 0.55674, 0.84174], [0.70186, 0.07196, 0.77778, 0.00000]], [[0.00000, 0.04251, 0.62223, 0.01931], [0.00000, 0.13247, 0.96267, 0.51344], [0.00000, 0.29336, 0.56910, 0.47721]], [[0.00000, 0.13582, 0.19694, 0.41622], [0.00000, 0.00000, 0.35293, 0.78776], [0.00000, 0.00000, 0.00000, 0.75322]]], fitness: 0.98701 }
Generation Elapsed Time: 1s
Starting Gen:26
Avg. Fitness -> 0.7583982683982683
Population diversity -> 0
Best Genome -> Genome { string: [[[0.06570, 0.43942, 0.45924, 0.28326], [0.05145, 0.53596, 0.56098, 0.98191], [0.45615, 1.00000, 0.60950, 0.54599]], [[0.10329, 0.73320, 0.04560, 0.03681], [0.00000, 0.97870, 0.53184, 0.61173], [0.65967, 0.10478, 0.94806, 0.48417]], [[0.08469, 0.31238, 0.56488, 0.29873], [0.00000, 0.00000, 0.71801, 0.33156], [0.11367, 0.09340, 0.57987, 0.75524]], [[0.00000, 0.37310, 0.31524, 0.23863], [0.00000, 0.19039, 0.38869, 0.84369], [0.05845, 0.18957, 0.32735, 0.58551]]], fitness: 0.89502 }
Generation Elapsed Time: 1s
Starting Gen:27
Avg. Fitness -> 0.7737662337662337
Population diversity -> 0
Best Genome -> Genome { string: [[[0.33841, 0.54543, 0.07296, 0.01170], [0.31024, 0.54216, 0.63017, 0.80123], [0.31519, 0.76117, 0.37921, 0.54532]], [[0.04707, 0.67225, 0.31443, 0.30611], [0.15674, 0.49873, 0.81418, 0.54167], [0.68797, 0.04288, 0.87174, 0.28483]], [[0.00000, 0.28361, 0.44990, 0.12125], [0.00868, 0.11622, 0.74896, 0.23386], [0.08389, 0.12476, 0.77122, 0.57672]], [[0.00038, 0.11243, 0.36785, 0.34099], [0.02161, 0.03479, 0.18207, 0.75730], [0.00000, 0.11415, 0.14046, 0.67019]]], fitness: 0.91775 }
Generation Elapsed Time: 1s
Starting Gen:28
Avg. Fitness -> 0.8117316017316017
Population diversity -> 0
Best Genome -> Genome { string: [[[0.13910, 0.35913, 0.21373, 0.23824], [0.23621, 0.52919, 0.59153, 0.71990], [0.25678, 0.78779, 0.66249, 0.41110]], [[0.07366, 0.64909, 0.08372, 0.39738], [0.10240, 0.59977, 0.67867, 0.67970], [0.45870, 0.05792, 0.76429, 0.20079]], [[0.00000, 0.15993, 0.63279, 0.16011], [0.00000, 0.04901, 0.53556, 0.26313], [0.11257, 0.15155, 0.55396, 0.52416]], [[0.00000, 0.14093, 0.49098, 0.42281], [0.00000, 0.00000, 0.09168, 0.68794], [0.00000, 0.10258, 0.12779, 0.56134]]], fitness: 0.98701 }
Generation Elapsed Time: 1s
Starting Gen:29
Avg. Fitness -> 0.8391125541125541
Population diversity -> 0
Best Genome -> Genome { string: [[[0.12383, 0.65086, 0.19898, 0.16519], [0.31925, 0.61854, 0.64871, 0.88660], [0.36564, 0.88346, 0.38323, 0.41458]], [[0.00000, 0.42993, 0.30716, 0.29417], [0.04905, 0.64637, 0.55331, 0.71776], [0.52425, 0.05255, 0.89004, 0.25274]], [[0.00000, 0.23057, 0.48014, 0.10039], [0.00000, 0.00000, 0.68273, 0.27550], [0.00959, 0.24980, 0.42554, 0.64507]], [[0.00000, 0.38517, 0.48911, 0.35984], [0.00000, 0.05927, 0.15041, 0.52789], [0.05329, 0.00000, 0.05269, 0.65482]]], fitness: 0.95455 }
Generation Elapsed Time: 1s
Starting Gen:30
Avg. Fitness -> 0.8524025974025976
Population diversity -> 0
Best Genome -> Genome { string: [[[0.00000, 0.37578, 0.27317, 0.06651], [0.29111, 0.45463, 0.66489, 0.79079], [0.56078, 0.96301, 0.34988, 0.43264]], [[0.00000, 0.66479, 0.27719, 0.26429], [0.11607, 0.59389, 0.66240, 0.60946], [0.58871, 0.07647, 0.99093, 0.22372]], [[0.08720, 0.26725, 0.39983, 0.13117], [0.00000, 0.00000, 0.63718, 0.27647], [0.11862, 0.28043, 0.43466, 0.65166]], [[0.00000, 0.19260, 0.52164, 0.30077], [0.00000, 0.09154, 0.20035, 0.61057], [0.06939, 0.00000, 0.09196, 0.79975]]], fitness: 0.94372 }
Generation Elapsed Time: 1s
Starting Gen:31
Avg. Fitness -> 0.8637012987012984
Population diversity -> 0
Best Genome -> Genome { string: [[[0.03698, 0.48454, 0.24435, 0.24366], [0.33688, 0.59940, 0.58626, 0.74664], [0.52852, 0.98464, 0.42092, 0.38310]], [[0.04916, 0.66272, 0.11903, 0.43623], [0.23653, 0.58410, 0.61325, 0.66968], [0.57347, 0.17753, 0.86461, 0.30629]], [[0.06198, 0.23461, 0.54713, 0.20662], [0.00000, 0.00000, 0.58270, 0.43826], [0.18002, 0.22244, 0.59012, 0.47876]], [[0.00000, 0.23180, 0.40844, 0.34931], [0.00000, 0.08628, 0.20741, 0.59198], [0.00000, 0.03822, 0.09104, 0.66387]]], fitness: 0.96861 }
Generation Elapsed Time: 1s
Starting Gen:32
Avg. Fitness -> 0.897835497835498
Population diversity -> 0
Best Genome -> Genome { string: [[[0.04370, 0.47021, 0.34058, 0.17420], [0.40211, 0.52453, 0.51742, 0.83447], [0.32392, 0.84790, 0.40324, 0.46172]], [[0.07135, 0.61886, 0.24242, 0.25667], [0.16444, 0.63916, 0.62634, 0.66841], [0.56037, 0.00000, 0.91806, 0.23860]], [[0.00000, 0.29632, 0.46080, 0.12419], [0.00000, 0.00000, 0.77046, 0.33568], [0.08165, 0.21668, 0.42843, 0.62137]], [[0.04506, 0.18315, 0.50687, 0.27745], [0.00000, 0.00062, 0.16747, 0.55256], [0.00000, 0.05035, 0.07695, 0.58023]]], fitness: 0.97511 }
Generation Elapsed Time: 1s
Starting Gen:33
Avg. Fitness -> 0.8993939393939395
Population diversity -> 0
Best Genome -> Genome { string: [[[0.11762, 0.42517, 0.28118, 0.14559], [0.36601, 0.45591, 0.63398, 0.75226], [0.41089, 0.72829, 0.46914, 0.39970]], [[0.06778, 0.53285, 0.29326, 0.26948], [0.07527, 0.55981, 0.67693, 0.67873], [0.54418, 0.12803, 0.87054, 0.26099]], [[0.00685, 0.27569, 0.48873, 0.12943], [0.00000, 0.08897, 0.66158, 0.33552], [0.17988, 0.27138, 0.48070, 0.53272]], [[0.00000, 0.22005, 0.37609, 0.25033], [0.00000, 0.00000, 0.16021, 0.57924], [0.00000, 0.06810, 0.15151, 0.68684]]], fitness: 0.97294 }
Generation Elapsed Time: 1s
Starting Gen:34
Avg. Fitness -> 0.907792207792208
Population diversity -> 0
Best Genome -> Genome { string: [[[0.18793, 0.51045, 0.26324, 0.03924], [0.33218, 0.49321, 0.60335, 0.83638], [0.44574, 0.79975, 0.46725, 0.44663]], [[0.09718, 0.61909, 0.20390, 0.26109], [0.02015, 0.59420, 0.64344, 0.64303], [0.51622, 0.01312, 0.92430, 0.20631]], [[0.02552, 0.18133, 0.48744, 0.18697], [0.00000, 0.04253, 0.68828, 0.29083], [0.20054, 0.29404, 0.49536, 0.53525]], [[0.00000, 0.20922, 0.49842, 0.28600], [0.00000, 0.00000, 0.18227, 0.59264], [0.02118, 0.05196, 0.06793, 0.70604]]], fitness: 0.98268 }
Generation Elapsed Time: 1s
Starting Gen:35
Avg. Fitness -> 0.9136796536796536
Population diversity -> 0
Best Genome -> Genome { string: [[[0.10122, 0.51323, 0.29064, 0.16466], [0.30286, 0.49380, 0.63389, 0.77046], [0.53241, 0.90774, 0.49490, 0.44844]], [[0.05036, 0.56443, 0.27594, 0.28530], [0.06097, 0.62390, 0.62186, 0.60554], [0.59386, 0.15459, 0.87724, 0.21148]], [[0.01736, 0.22736, 0.45148, 0.23473], [0.00000, 0.00000, 0.70324, 0.33181], [0.05753, 0.32199, 0.48386, 0.55070]], [[0.01100, 0.16625, 0.46931, 0.25821], [0.00000, 0.03664, 0.04100, 0.54499], [0.01516, 0.05296, 0.10154, 0.71026]]], fitness: 0.97619 }
Generation Elapsed Time: 1s
Starting Gen:36
Avg. Fitness -> 0.9126190476190478
Population diversity -> 0
Best Genome -> Genome { string: [[[0.14445, 0.42821, 0.22402, 0.05760], [0.27636, 0.51597, 0.70143, 0.82785], [0.38307, 0.87750, 0.52101, 0.44158]], [[0.05895, 0.58590, 0.38072, 0.28111], [0.09972, 0.63876, 0.71190, 0.72853], [0.52312, 0.11141, 0.93327, 0.24173]], [[0.00693, 0.26131, 0.50210, 0.29164], [0.00000, 0.01390, 0.78339, 0.32318], [0.14507, 0.26953, 0.56136, 0.57628]], [[0.00000, 0.27443, 0.53698, 0.30610], [0.00000, 0.01730, 0.13872, 0.54016], [0.00679, 0.12433, 0.10046, 0.66157]]], fitness: 0.98593 }
Generation Elapsed Time: 1s
Starting Gen:37
Avg. Fitness -> 0.9072943722943723
Population diversity -> 0
Best Genome -> Genome { string: [[[0.16501, 0.52462, 0.20696, 0.12224], [0.30984, 0.51332, 0.62415, 0.92820], [0.51561, 0.92335, 0.50944, 0.49783]], [[0.03280, 0.61623, 0.24713, 0.30410], [0.12108, 0.67938, 0.64897, 0.69226], [0.57770, 0.11795, 0.92195, 0.24137]], [[0.00710, 0.28073, 0.54382, 0.26227], [0.00000, 0.07321, 0.69482, 0.36392], [0.06562, 0.22714, 0.51827, 0.66644]], [[0.00000, 0.14342, 0.47197, 0.19106], [0.00000, 0.00000, 0.10565, 0.58549], [0.04434, 0.05983, 0.05817, 0.68096]]], fitness: 0.97619 }
Generation Elapsed Time: 1s
Starting Gen:38
Avg. Fitness -> 0.9108874458874459
Population diversity -> 0
Best Genome -> Genome { string: [[[0.16752, 0.40581, 0.28406, 0.13046], [0.35206, 0.45985, 0.61782, 0.82016], [0.40756, 0.92716, 0.49296, 0.44811]], [[0.13447, 0.56152, 0.26237, 0.30010], [0.05568, 0.63637, 0.60271, 0.64002], [0.57242, 0.09727, 0.88078, 0.22023]], [[0.00000, 0.23899, 0.49365, 0.20772], [0.00000, 0.05372, 0.74655, 0.32092], [0.01437, 0.26828, 0.49986, 0.59592]], [[0.00000, 0.13433, 0.52471, 0.33771], [0.00000, 0.05347, 0.19080, 0.61223], [0.00000, 0.04769, 0.10370, 0.74168]]], fitness: 0.97403 }
Generation Elapsed Time: 1s
Starting Gen:39
Avg. Fitness -> 0.9216666666666665
Population diversity -> 0
Best Genome -> Genome { string: [[[0.17007, 0.47183, 0.21078, 0.13854], [0.30139, 0.51486, 0.64595, 0.84333], [0.37110, 0.90844, 0.53877, 0.41284]], [[0.08982, 0.61515, 0.30244, 0.35859], [0.09203, 0.61318, 0.76640, 0.74389], [0.54663, 0.04312, 0.81815, 0.25687]], [[0.00000, 0.23801, 0.49194, 0.16989], [0.00000, 0.02696, 0.67390, 0.29784], [0.05631, 0.24642, 0.38830, 0.59006]], [[0.00000, 0.21067, 0.42424, 0.33579], [0.00176, 0.06474, 0.14906, 0.64323], [0.00000, 0.02499, 0.10502, 0.70768]]], fitness: 0.98268 }
Generation Elapsed Time: 1s
Starting Gen:40
Avg. Fitness -> 0.9297402597402599
Population diversity -> 0
Best Genome -> Genome { string: [[[0.16492, 0.37173, 0.22374, 0.15177], [0.26961, 0.50311, 0.56674, 0.74711], [0.48061, 0.87190, 0.49743, 0.44655]], [[0.03333, 0.52849, 0.24389, 0.32329], [0.12445, 0.62458, 0.66145, 0.65878], [0.50926, 0.03464, 0.87492, 0.26109]], [[0.00000, 0.22611, 0.50737, 0.14929], [0.00000, 0.00000, 0.66879, 0.34019], [0.01314, 0.27871, 0.51552, 0.60269]], [[0.00000, 0.17864, 0.41631, 0.27038], [0.00000, 0.03747, 0.08356, 0.56636], [0.00000, 0.06464, 0.03895, 0.64867]]], fitness: 0.99351 }
Generation Elapsed Time: 0s
Starting Gen:41
Avg. Fitness -> 0.9339393939393941
Population diversity -> 0
Best Genome -> Genome { string: [[[0.12912, 0.44262, 0.21404, 0.08068], [0.26653, 0.52701, 0.58476, 0.80221], [0.46504, 0.84412, 0.52968, 0.47338]], [[0.08714, 0.58100, 0.28579, 0.32894], [0.10005, 0.63925, 0.64299, 0.63465], [0.56604, 0.05515, 0.89895, 0.21437]], [[0.00204, 0.20838, 0.53363, 0.21179], [0.00000, 0.00000, 0.69869, 0.34331], [0.02589, 0.27755, 0.40828, 0.61355]], [[0.00000, 0.15284, 0.50428, 0.31880], [0.00000, 0.06378, 0.17004, 0.61334], [0.00049, 0.06534, 0.05799, 0.67866]]], fitness: 0.99351 }
Generation Elapsed Time: 1s
Starting Gen:42
Avg. Fitness -> 0.9426190476190476
Population diversity -> 0
Best Genome -> Genome { string: [[[0.12798, 0.43180, 0.23964, 0.11297], [0.25066, 0.57860, 0.56920, 0.77317], [0.44452, 0.84496, 0.51577, 0.39822]], [[0.11349, 0.54918, 0.27928, 0.29118], [0.10523, 0.59431, 0.71093, 0.68077], [0.53602, 0.11805, 0.90336, 0.25501]], [[0.03111, 0.21824, 0.49147, 0.25685], [0.00000, 0.00408, 0.64140, 0.33908], [0.01753, 0.26979, 0.43928, 0.62881]], [[0.00000, 0.18660, 0.46645, 0.30284], [0.00000, 0.04931, 0.14203, 0.61082], [0.00000, 0.05630, 0.08118, 0.68934]]], fitness: 0.98593 }
Generation Elapsed Time: 1s
Starting Gen:43
Avg. Fitness -> 0.9281601731601731
Population diversity -> 0
Best Genome -> Genome { string: [[[0.14774, 0.34515, 0.16238, 0.11875], [0.30541, 0.52475, 0.57490, 0.83025], [0.43215, 0.83134, 0.47241, 0.42249]], [[0.00000, 0.58238, 0.23733, 0.31447], [0.11538, 0.65513, 0.72430, 0.66535], [0.55206, 0.14902, 0.87880, 0.26960]], [[0.04849, 0.17909, 0.44048, 0.20094], [0.00000, 0.01779, 0.64877, 0.31997], [0.06740, 0.30456, 0.41643, 0.62996]], [[0.00000, 0.14641, 0.44288, 0.23334], [0.00000, 0.05215, 0.14616, 0.60691], [0.00000, 0.02336, 0.05307, 0.61690]]], fitness: 0.98810 }
Generation Elapsed Time: 1s
Starting Gen:44
Avg. Fitness -> 0.9323160173160173
Population diversity -> 0
Best Genome -> Genome { string: [[[0.08542, 0.41225, 0.21942, 0.05618], [0.23314, 0.51801, 0.54990, 0.78932], [0.40080, 0.87042, 0.49876, 0.48675]], [[0.00000, 0.58309, 0.25706, 0.30271], [0.08358, 0.65206, 0.59049, 0.63727], [0.57616, 0.09189, 0.89523, 0.25788]], [[0.03580, 0.18000, 0.48835, 0.15411], [0.00000, 0.00000, 0.64270, 0.28753], [0.06181, 0.26706, 0.43562, 0.61486]], [[0.00000, 0.23887, 0.46092, 0.29696], [0.00000, 0.06308, 0.13706, 0.58182], [0.03156, 0.00000, 0.11220, 0.65341]]], fitness: 0.98052 }
Generation Elapsed Time: 1s
Starting Gen:45
Avg. Fitness -> 0.927077922077922
Population diversity -> 0
Best Genome -> Genome { string: [[[0.12900, 0.38744, 0.23320, 0.07798], [0.20391, 0.56533, 0.52748, 0.83231], [0.46166, 0.83742, 0.45212, 0.43198]], [[0.03998, 0.56737, 0.26806, 0.22800], [0.04420, 0.64506, 0.74043, 0.61508], [0.53707, 0.06250, 0.86514, 0.26424]], [[0.01095, 0.23760, 0.53196, 0.18178], [0.00000, 0.00075, 0.64854, 0.33413], [0.03621, 0.27422, 0.47396, 0.58587]], [[0.00000, 0.20124, 0.44352, 0.29633], [0.00000, 0.00018, 0.13942, 0.63970], [0.00788, 0.01137, 0.09353, 0.68061]]], fitness: 0.98593 }
Generation Elapsed Time: 0s
Starting Gen:46
Avg. Fitness -> 0.9422510822510825
Population diversity -> 0
Best Genome -> Genome { string: [[[0.09260, 0.35460, 0.29324, 0.04185], [0.25722, 0.56387, 0.54909, 0.77824], [0.47391, 0.82850, 0.50569, 0.43036]], [[0.05322, 0.59737, 0.26922, 0.26714], [0.09982, 0.62728, 0.70678, 0.59452], [0.50965, 0.10666, 0.91670, 0.21601]], [[0.02106, 0.17537, 0.46660, 0.16765], [0.00000, 0.00000, 0.70246, 0.35379], [0.04946, 0.27832, 0.47775, 0.51322]], [[0.00607, 0.20984, 0.45817, 0.22949], [0.00000, 0.00000, 0.09792, 0.57776], [0.00680, 0.03609, 0.05803, 0.67299]]], fitness: 0.98160 }
Generation Elapsed Time: 0s
Starting Gen:47
Avg. Fitness -> 0.9451515151515152
Population diversity -> 0
Best Genome -> Genome { string: [[[0.06713, 0.34560, 0.19343, 0.06688], [0.25138, 0.52995, 0.55520, 0.81493], [0.47407, 0.84824, 0.51874, 0.34419]], [[0.05812, 0.59635, 0.24670, 0.30211], [0.04906, 0.70192, 0.69505, 0.62339], [0.53288, 0.09714, 0.90984, 0.25521]], [[0.00000, 0.17193, 0.47706, 0.17284], [0.00000, 0.00885, 0.68722, 0.35079], [0.09780, 0.25258, 0.43860, 0.56716]], [[0.00000, 0.20931, 0.43164, 0.27519], [0.00000, 0.02773, 0.20375, 0.63675], [0.00000, 0.00748, 0.07012, 0.67550]]], fitness: 0.99351 }
Generation Elapsed Time: 0s
Starting Gen:48
Avg. Fitness -> 0.94508658008658
Population diversity -> 0
Best Genome -> Genome { string: [[[0.13321, 0.38726, 0.17988, 0.11218], [0.26099, 0.56523, 0.61854, 0.80591], [0.46496, 0.87745, 0.50498, 0.39696]], [[0.02747, 0.56229, 0.20415, 0.27778], [0.10250, 0.67507, 0.63468, 0.64380], [0.54964, 0.09033, 0.96312, 0.25821]], [[0.01685, 0.16328, 0.48533, 0.20192], [0.00000, 0.00000, 0.64519, 0.32544], [0.10663, 0.26475, 0.41957, 0.59133]], [[0.00168, 0.23055, 0.42759, 0.24812], [0.00000, 0.04468, 0.13372, 0.66703], [0.00032, 0.02427, 0.04550, 0.68062]]], fitness: 0.99026 }
Generation Elapsed Time: 0s
Starting Gen:49
Avg. Fitness -> 0.9477489177489177
Population diversity -> 0
Best Genome -> Genome { string: [[[0.10478, 0.33959, 0.19725, 0.06593], [0.23703, 0.57645, 0.52289, 0.78988], [0.41277, 0.87557, 0.44322, 0.35999]], [[0.06080, 0.56906, 0.30891, 0.24992], [0.09024, 0.69286, 0.67802, 0.62956], [0.58529, 0.13982, 0.95003, 0.21287]], [[0.00371, 0.18438, 0.52603, 0.24558], [0.00000, 0.00135, 0.64065, 0.35040], [0.09498, 0.29411, 0.41711, 0.64323]], [[0.00000, 0.20291, 0.50240, 0.30338], [0.00000, 0.04272, 0.13326, 0.62083], [0.00000, 0.05405, 0.04926, 0.67600]]], fitness: 0.99459 }
Generation Elapsed Time: 0s
Starting Gen:50
Avg. Fitness -> 0.9311255411255414
Population diversity -> 0
Best Genome -> Genome { string: [[[0.09664, 0.44255, 0.26356, 0.00000], [0.23656, 0.56023, 0.59828, 0.81567], [0.37296, 0.81997, 0.49992, 0.40358]], [[0.14602, 0.58944, 0.25871, 0.22117], [0.10467, 0.69940, 0.70273, 0.60440], [0.49755, 0.10865, 0.91603, 0.30688]], [[0.00000, 0.22240, 0.53485, 0.18981], [0.00000, 0.05327, 0.64503, 0.33932], [0.11122, 0.30124, 0.46289, 0.56233]], [[0.00000, 0.19541, 0.42789, 0.29775], [0.00000, 0.08063, 0.15061, 0.66581], [0.00000, 0.03585, 0.02582, 0.68268]]], fitness: 0.97403 }
Generation Elapsed Time: 0s
Starting Gen:51
Avg. Fitness -> 0.9265584415584412
Population diversity -> 0
Best Genome -> Genome { string: [[[0.07538, 0.43257, 0.05762, 0.09448], [0.22187, 0.48450, 0.55215, 0.75487], [0.46682, 0.82993, 0.42278, 0.32803]], [[0.07530, 0.71377, 0.22590, 0.22939], [0.03150, 0.61551, 0.67598, 0.61893], [0.56002, 0.14786, 0.89931, 0.24628]], [[0.00000, 0.15662, 0.48422, 0.15798], [0.00000, 0.00000, 0.58423, 0.26688], [0.04405, 0.25593, 0.50242, 0.62464]], [[0.00000, 0.27157, 0.45926, 0.21940], [0.00000, 0.02483, 0.18734, 0.62767], [0.01401, 0.00000, 0.06137, 0.70412]]], fitness: 0.98701 }
Generation Elapsed Time: 1s
Starting Gen:52
Avg. Fitness -> 0.9333982683982689
Population diversity -> 0
Best Genome -> Genome { string: [[[0.07728, 0.35190, 0.18674, 0.00000], [0.24240, 0.53234, 0.50360, 0.76933], [0.42715, 0.79294, 0.53015, 0.39662]], [[0.09625, 0.54870, 0.21731, 0.21597], [0.05858, 0.70614, 0.64083, 0.59367], [0.56535, 0.15479, 0.92259, 0.23553]], [[0.00000, 0.20966, 0.48779, 0.16756], [0.00000, 0.00000, 0.66350, 0.37035], [0.10719, 0.30713, 0.41688, 0.58099]], [[0.00000, 0.19725, 0.52675, 0.29233], [0.00000, 0.04110, 0.21917, 0.62201], [0.00000, 0.03348, 0.04581, 0.71536]]], fitness: 0.99459 }
Generation Elapsed Time: 0s
Starting Gen:53
Avg. Fitness -> 0.9221861471861472
Population diversity -> 0
Best Genome -> Genome { string: [[[0.03540, 0.35208, 0.20536, 0.00000], [0.09311, 0.48887, 0.46845, 0.68639], [0.45559, 0.77772, 0.47575, 0.31873]], [[0.00000, 0.63525, 0.24333, 0.17173], [0.05649, 0.67928, 0.64621, 0.60692], [0.53813, 0.14357, 0.95102, 0.16193]], [[0.00000, 0.13711, 0.34392, 0.21533], [0.00000, 0.03929, 0.57635, 0.28203], [0.10768, 0.28840, 0.42139, 0.54802]], [[0.00000, 0.16376, 0.43984, 0.27112], [0.00000, 0.03375, 0.19314, 0.60688], [0.01602, 0.06736, 0.00000, 0.68851]]], fitness: 0.98160 }
Generation Elapsed Time: 1s
Starting Gen:54
Avg. Fitness -> 0.9148051948051946
Population diversity -> 0
Best Genome -> Genome { string: [[[0.07183, 0.39289, 0.14798, 0.05887], [0.13610, 0.55132, 0.50279, 0.85249], [0.50452, 0.84838, 0.48010, 0.36831]], [[0.00000, 0.53501, 0.24635, 0.21108], [0.01112, 0.62733, 0.56446, 0.67174], [0.57634, 0.11757, 0.88579, 0.19113]], [[0.05910, 0.15878, 0.47267, 0.16907], [0.00000, 0.06346, 0.59207, 0.40572], [0.10702, 0.19333, 0.38673, 0.57070]], [[0.00000, 0.21947, 0.40488, 0.24065], [0.00000, 0.00437, 0.18364, 0.62324], [0.00000, 0.04070, 0.00000, 0.70518]]], fitness: 0.98485 }
Generation Elapsed Time: 1s
Starting Gen:55
Avg. Fitness -> 0.9162121212121209
Population diversity -> 0
Best Genome -> Genome { string: [[[0.00000, 0.37251, 0.21576, 0.00000], [0.10669, 0.51599, 0.47560, 0.72459], [0.53409, 0.80385, 0.52219, 0.23920]], [[0.00000, 0.52683, 0.20800, 0.26166], [0.10394, 0.73719, 0.61079, 0.60110], [0.47489, 0.13041, 0.93077, 0.16979]], [[0.00000, 0.17384, 0.39109, 0.24574], [0.00000, 0.00468, 0.63762, 0.39795], [0.00000, 0.23761, 0.36139, 0.56835]], [[0.00000, 0.22653, 0.40371, 0.26733], [0.00000, 0.03013, 0.10958, 0.53583], [0.03587, 0.00235, 0.07360, 0.77498]]], fitness: 0.98918 }
Generation Elapsed Time: 1s
Starting Gen:56
Avg. Fitness -> 0.9162337662337663
Population diversity -> 0
Best Genome -> Genome { string: [[[0.14730, 0.34619, 0.17664, 0.01350], [0.10507, 0.54745, 0.47869, 0.77692], [0.47577, 0.69566, 0.49723, 0.32145]], [[0.01011, 0.56793, 0.26838, 0.18837], [0.00000, 0.71857, 0.60852, 0.59321], [0.62231, 0.13369, 0.92228, 0.22824]], [[0.00000, 0.18564, 0.37391, 0.21993], [0.00000, 0.00000, 0.59492, 0.27182], [0.11610, 0.20922, 0.35685, 0.55965]], [[0.00000, 0.13438, 0.45031, 0.21770], [0.00000, 0.06418, 0.17155, 0.62222], [0.06009, 0.02997, 0.08735, 0.64299]]], fitness: 0.97944 }
Generation Elapsed Time: 1s
Starting Gen:57
Avg. Fitness -> 0.9062987012987016
Population diversity -> 0
Best Genome -> Genome { string: [[[0.00150, 0.34701, 0.17832, 0.02678], [0.07433, 0.44803, 0.50409, 0.69023], [0.46292, 0.80834, 0.47679, 0.35322]], [[0.03474, 0.51582, 0.24695, 0.18788], [0.01529, 0.56905, 0.59386, 0.49756], [0.49915, 0.08597, 0.85406, 0.11850]], [[0.00662, 0.19181, 0.39544, 0.20013], [0.00000, 0.08224, 0.53626, 0.37137], [0.00000, 0.27771, 0.40787, 0.60596]], [[0.00770, 0.27755, 0.38682, 0.16873], [0.00000, 0.00000, 0.09682, 0.56922], [0.01484, 0.00000, 0.00000, 0.68789]]], fitness: 0.97727 }
Generation Elapsed Time: 1s
Starting Gen:58
Avg. Fitness -> 0.890844155844156
Population diversity -> 0
Best Genome -> Genome { string: [[[0.02526, 0.24141, 0.08536, 0.05762], [0.08240, 0.44825, 0.59221, 0.69084], [0.37654, 0.73653, 0.46055, 0.49217]], [[0.06694, 0.49730, 0.22738, 0.18507], [0.01547, 0.59860, 0.56166, 0.56823], [0.49811, 0.17500, 1.00000, 0.07739]], [[0.00000, 0.14273, 0.42940, 0.10167], [0.00000, 0.04222, 0.60306, 0.42846], [0.00000, 0.27812, 0.40620, 0.58934]], [[0.00000, 0.19369, 0.51100, 0.28012], [0.00000, 0.02959, 0.13327, 0.68498], [0.00000, 0.00320, 0.00000, 0.80045]]], fitness: 0.98377 }
Generation Elapsed Time: 1s
Starting Gen:59
Avg. Fitness -> 0.8961471861471862
Population diversity -> 0
Best Genome -> Genome { string: [[[0.10663, 0.33008, 0.03810, 0.06362], [0.13693, 0.63951, 0.39167, 0.84641], [0.49805, 0.85779, 0.49192, 0.24898]], [[0.08417, 0.53765, 0.15651, 0.33470], [0.02538, 0.65130, 0.53822, 0.59102], [0.42939, 0.04926, 1.00000, 0.10936]], [[0.00000, 0.19192, 0.31831, 0.25626], [0.00000, 0.06201, 0.55219, 0.35396], [0.05700, 0.20237, 0.48686, 0.61862]], [[0.00000, 0.31145, 0.43933, 0.30505], [0.00000, 0.03484, 0.17113, 0.59119], [0.01488, 0.08978, 0.16860, 0.68542]]], fitness: 0.97511 }
Generation Elapsed Time: 1s
Starting Gen:60
Avg. Fitness -> 0.9080519480519481
Population diversity -> 0
Best Genome -> Genome { string: [[[0.06128, 0.35966, 0.07889, 0.07180], [0.10321, 0.55269, 0.40848, 0.75346], [0.45668, 0.82132, 0.43486, 0.29977]], [[0.03938, 0.46886, 0.16737, 0.22151], [0.00000, 0.68259, 0.53798, 0.53431], [0.44775, 0.17789, 1.00000, 0.19567]], [[0.00000, 0.10012, 0.40210, 0.31102], [0.00000, 0.03404, 0.55156, 0.29509], [0.00000, 0.24075, 0.41155, 0.61973]], [[0.00000, 0.16475, 0.52301, 0.20927], [0.00000, 0.00000, 0.14512, 0.66134], [0.00000, 0.03284, 0.00000, 0.76366]]], fitness: 0.97294 }
Generation Elapsed Time: 1s
Starting Gen:61
Avg. Fitness -> 0.9003463203463205
Population diversity -> 0
Best Genome -> Genome { string: [[[0.07599, 0.31189, 0.14116, 0.00000], [0.13864, 0.53553, 0.53290, 0.71937], [0.49633, 0.77622, 0.38445, 0.32324]], [[0.00000, 0.44645, 0.30587, 0.14146], [0.00000, 0.68844, 0.52292, 0.56585], [0.48247, 0.07376, 0.89854, 0.12716]], [[0.00000, 0.09622, 0.35774, 0.14366], [0.00000, 0.01012, 0.60000, 0.37780], [0.10397, 0.15481, 0.31430, 0.63861]], [[0.00000, 0.13971, 0.51525, 0.15179], [0.00000, 0.08400, 0.07215, 0.67750], [0.00000, 0.07270, 0.00962, 0.77738]]], fitness: 0.97078 }
Generation Elapsed Time: 1s
Starting Gen:62
Avg. Fitness -> 0.8976623376623375
Population diversity -> 0
Best Genome -> Genome { string: [[[0.13113, 0.25220, 0.02832, 0.06522], [0.12252, 0.40371, 0.42115, 0.74732], [0.61398, 0.94639, 0.63328, 0.37065]], [[0.06278, 0.52429, 0.25599, 0.17058], [0.08100, 0.70057, 0.28036, 0.45125], [0.49324, 0.03371, 0.86444, 0.18638]], [[0.00000, 0.06218, 0.38289, 0.15674], [0.00000, 0.00000, 0.60321, 0.23374], [0.03342, 0.30540, 0.26070, 0.61946]], [[0.02674, 0.19993, 0.52654, 0.09374], [0.00000, 0.00000, 0.10949, 0.64762], [0.00000, 0.01755, 0.09921, 0.70664]]], fitness: 0.96861 }
Generation Elapsed Time: 1s
Starting Gen:63
Avg. Fitness -> 0.887835497835498
Population diversity -> 0
Best Genome -> Genome { string: [[[0.11542, 0.33250, 0.00000, 0.08902], [0.13831, 0.57397, 0.42348, 0.70418], [0.61502, 0.86739, 0.51108, 0.41546]], [[0.00000, 0.43460, 0.14611, 0.19280], [0.04077, 0.78227, 0.42076, 0.52627], [0.43464, 0.05377, 0.80878, 0.20404]], [[0.00000, 0.17404, 0.32337, 0.31660], [0.00000, 0.00481, 0.78790, 0.42338], [0.01311, 0.27404, 0.46347, 0.68542]], [[0.00000, 0.24131, 0.59554, 0.21973], [0.01338, 0.00000, 0.10706, 0.56737], [0.00393, 0.09094, 0.00000, 0.79928]]], fitness: 0.97835 }
Generation Elapsed Time: 1s
Starting Gen:64
Avg. Fitness -> 0.8500865800865803
Population diversity -> 0
Best Genome -> Genome { string: [[[0.02266, 0.23618, 0.00000, 0.00000], [0.00000, 0.63648, 0.42482, 0.68121], [0.43303, 0.87638, 0.49407, 0.36063]], [[0.01485, 0.34808, 0.16140, 0.22111], [0.03019, 0.60896, 0.61578, 0.46697], [0.33074, 0.03322, 0.93976, 0.31743]], [[0.00000, 0.10385, 0.33924, 0.02640], [0.00000, 0.05139, 0.50295, 0.26885], [0.00000, 0.13301, 0.35804, 0.49674]], [[0.03457, 0.19049, 0.49294, 0.14086], [0.00000, 0.00000, 0.13562, 0.56554], [0.00000, 0.00000, 0.00000, 0.77638]]], fitness: 0.95671 }
Generation Elapsed Time: 1s
Starting Gen:65
Avg. Fitness -> 0.8747402597402598
Population diversity -> 0
Best Genome -> Genome { string: [[[0.00000, 0.39475, 0.04767, 0.00053], [0.15532, 0.58081, 0.53455, 0.81813], [0.47672, 0.76102, 0.40848, 0.30455]], [[0.07415, 0.54487, 0.14935, 0.13437], [0.04087, 0.74376, 0.50689, 0.57856], [0.48162, 0.00000, 0.76486, 0.12408]], [[0.00000, 0.13483, 0.34733, 0.08894], [0.00000, 0.04695, 0.53707, 0.25126], [0.00000, 0.20971, 0.32384, 0.72799]], [[0.00000, 0.01269, 0.45264, 0.12291], [0.00000, 0.00000, 0.01823, 0.60567], [0.04067, 0.05959, 0.08277, 0.65816]]], fitness: 0.97186 }
Generation Elapsed Time: 1s
Starting Gen:66
Avg. Fitness -> 0.8803246753246751
Population diversity -> 0
Best Genome -> Genome { string: [[[0.00413, 0.23409, 0.00000, 0.00000], [0.02412, 0.45703, 0.46056, 0.80734], [0.55482, 0.78798, 0.41746, 0.36513]], [[0.10489, 0.60462, 0.12837, 0.17073], [0.08114, 0.59154, 0.48758, 0.45111], [0.43232, 0.00000, 0.91426, 0.21917]], [[0.00000, 0.00000, 0.40161, 0.30439], [0.00000, 0.00957, 0.66381, 0.29185], [0.08516, 0.15426, 0.31083, 0.73465]], [[0.00000, 0.14099, 0.48200, 0.09965], [0.00000, 0.00000, 0.12278, 0.58913], [0.01921, 0.00867, 0.01241, 0.81727]]], fitness: 0.97619 }
Generation Elapsed Time: 1s
Starting Gen:67
Avg. Fitness -> 0.8871861471861472
Population diversity -> 0
Best Genome -> Genome { string: [[[0.05460, 0.27300, 0.00000, 0.14984], [0.00000, 0.49761, 0.37619, 0.77719], [0.54609, 0.67240, 0.42978, 0.29531]], [[0.01031, 0.57871, 0.12792, 0.20468], [0.11338, 0.66789, 0.54956, 0.56880], [0.45769, 0.03426, 0.97956, 0.20475]], [[0.02709, 0.17267, 0.40887, 0.09453], [0.00000, 0.00661, 0.59513, 0.25995], [0.02917, 0.19130, 0.44365, 0.60669]], [[0.00000, 0.20555, 0.58684, 0.18482], [0.00000, 0.00000, 0.09220, 0.46361], [0.11432, 0.00000, 0.00998, 0.62019]]], fitness: 0.95671 }
Generation Elapsed Time: 1s
Starting Gen:68
Avg. Fitness -> 0.8944372294372295
Population diversity -> 0
Best Genome -> Genome { string: [[[0.10258, 0.34721, 0.00000, 0.00827], [0.00000, 0.47345, 0.42636, 0.73163], [0.50951, 0.70013, 0.45398, 0.30513]], [[0.00000, 0.55652, 0.10357, 0.14831], [0.03053, 0.77421, 0.50535, 0.56911], [0.46482, 0.07046, 0.86801, 0.39153]], [[0.00000, 0.06867, 0.36730, 0.10904], [0.00000, 0.08367, 0.65114, 0.24874], [0.01085, 0.17289, 0.39410, 0.54101]], [[0.00219, 0.25613, 0.63728, 0.16342], [0.00000, 0.08516, 0.02461, 0.53920], [0.05831, 0.00000, 0.09050, 0.73457]]], fitness: 0.96537 }
Generation Elapsed Time: 1s
Starting Gen:69
Avg. Fitness -> 0.8803030303030301
Population diversity -> 0
Best Genome -> Genome { string: [[[0.16257, 0.32670, 0.00000, 0.00000], [0.08687, 0.46501, 0.52943, 0.82802], [0.45882, 0.72836, 0.43544, 0.24646]], [[0.02553, 0.48552, 0.09180, 0.14406], [0.05756, 0.60328, 0.58511, 0.63466], [0.52349, 0.10255, 0.73351, 0.23428]], [[0.00000, 0.11693, 0.43078, 0.15178], [0.03242, 0.00057, 0.64739, 0.26303], [0.04855, 0.16546, 0.36204, 0.53547]], [[0.00000, 0.09057, 0.45878, 0.13751], [0.00000, 0.03280, 0.00000, 0.44606], [0.00523, 0.00000, 0.06006, 0.62714]]], fitness: 0.96104 }
Generation Elapsed Time: 1s
Starting Gen:70
Avg. Fitness -> 0.8914069264069262
Population diversity -> 0
Best Genome -> Genome { string: [[[0.08787, 0.37091, 0.04753, 0.08882], [0.00000, 0.53300, 0.35337, 0.67671], [0.56391, 0.66938, 0.42979, 0.19533]], [[0.08932, 0.53840, 0.05162, 0.17894], [0.14201, 0.54607, 0.43485, 0.58397], [0.37450, 0.15307, 0.85725, 0.23730]], [[0.00000, 0.03427, 0.38055, 0.26364], [0.00000, 0.07228, 0.58537, 0.36384], [0.00000, 0.08467, 0.25094, 0.66772]], [[0.00000, 0.18491, 0.57849, 0.18430], [0.00000, 0.10597, 0.06352, 0.48663], [0.00000, 0.00000, 0.08280, 0.70645]]], fitness: 0.96645 }
Generation Elapsed Time: 1s
Starting Gen:71
Avg. Fitness -> 0.8837012987012988
Population diversity -> 0
Best Genome -> Genome { string: [[[0.03216, 0.32608, 0.03471, 0.00667], [0.02519, 0.43849, 0.40905, 0.74788], [0.51045, 0.78499, 0.44330, 0.21514]], [[0.01285, 0.57223, 0.02121, 0.11647], [0.10826, 0.54782, 0.42209, 0.58079], [0.50684, 0.06668, 0.88161, 0.24907]], [[0.00000, 0.02618, 0.38998, 0.14954], [0.00000, 0.01477, 0.64314, 0.25670], [0.11278, 0.21822, 0.33718, 0.63975]], [[0.00000, 0.22649, 0.56629, 0.18308], [0.00000, 0.03521, 0.07647, 0.46103], [0.00000, 0.00000, 0.03867, 0.64131]]], fitness: 0.98485 }
Generation Elapsed Time: 1s
Starting Gen:72
Avg. Fitness -> 0.9009740259740263
Population diversity -> 0
Best Genome -> Genome { string: [[[0.07608, 0.42425, 0.00000, 0.00000], [0.00054, 0.46778, 0.31816, 0.67968], [0.49419, 0.80180, 0.48857, 0.19797]], [[0.00786, 0.56420, 0.00000, 0.00909], [0.11605, 0.53086, 0.44438, 0.51745], [0.36439, 0.11096, 0.91021, 0.27195]], [[0.00000, 0.00000, 0.34973, 0.09215], [0.00000, 0.04455, 0.63410, 0.35846], [0.04642, 0.14722, 0.30509, 0.60790]], [[0.00000, 0.16911, 0.44458, 0.14989], [0.00000, 0.00000, 0.05674, 0.28705], [0.00000, 0.02981, 0.00000, 0.60249]]], fitness: 0.99026 }
Generation Elapsed Time: 1s
Starting Gen:73
Avg. Fitness -> 0.8918831168831167
Population diversity -> 0
Best Genome -> Genome { string: [[[0.04822, 0.33617, 0.13428, 0.06701], [0.00000, 0.42782, 0.40721, 0.75173], [0.48836, 0.76985, 0.47580, 0.24668]], [[0.00863, 0.58574, 0.00000, 0.04837], [0.10714, 0.51343, 0.50601, 0.48586], [0.37293, 0.00000, 0.91535, 0.19929]], [[0.00000, 0.03602, 0.33645, 0.13939], [0.00000, 0.00000, 0.59309, 0.34033], [0.02898, 0.14253, 0.28765, 0.54728]], [[0.00000, 0.14059, 0.50066, 0.21983], [0.00000, 0.00000, 0.09220, 0.37856], [0.01607, 0.07327, 0.01832, 0.65365]]], fitness: 0.98593 }
Generation Elapsed Time: 1s
Starting Gen:74
Avg. Fitness -> 0.883181818181818
Population diversity -> 0
Best Genome -> Genome { string: [[[0.12631, 0.40814, 0.01487, 0.15759], [0.00000, 0.47222, 0.51730, 0.84381], [0.49454, 0.85876, 0.41850, 0.19976]], [[0.00000, 0.47959, 0.18130, 0.06335], [0.09834, 0.44162, 0.42000, 0.58772], [0.42012, 0.00000, 0.84174, 0.37910]], [[0.00000, 0.09422, 0.43834, 0.21987], [0.00182, 0.00000, 0.64251, 0.33540], [0.00000, 0.18338, 0.35688, 0.50154]], [[0.00000, 0.24538, 0.61507, 0.03852], [0.03651, 0.00000, 0.06471, 0.46695], [0.00000, 0.00000, 0.05776, 0.58952]]], fitness: 0.96753 }
Generation Elapsed Time: 1s
Starting Gen:75
Avg. Fitness -> 0.864004329004329
Population diversity -> 0
Best Genome -> Genome { string: [[[0.17855, 0.51503, 0.13021, 0.17642], [0.00000, 0.43512, 0.38593, 0.75426], [0.41125, 0.90905, 0.39401, 0.13617]], [[0.00000, 0.78488, 0.10122, 0.12866], [0.11443, 0.57597, 0.64385, 0.71240], [0.62373, 0.02170, 0.73067, 0.27613]], [[0.00000, 0.12973, 0.39587, 0.22730], [0.00000, 0.00000, 0.67613, 0.30617], [0.00000, 0.02422, 0.31543, 0.50297]], [[0.00000, 0.00000, 0.42951, 0.16105], [0.00000, 0.16041, 0.17246, 0.36966], [0.02162, 0.00000, 0.03145, 0.49764]]], fitness: 0.97511 }
Generation Elapsed Time: 1s
Starting Gen:76
Avg. Fitness -> 0.8560606060606061
Population diversity -> 0
Best Genome -> Genome { string: [[[0.07181, 0.30965, 0.04888, 0.02389], [0.00000, 0.37247, 0.30849, 0.61022], [0.63835, 0.72851, 0.36200, 0.00000]], [[0.08353, 0.64724, 0.00000, 0.00545], [0.10636, 0.59676, 0.39782, 0.54496], [0.26803, 0.00000, 0.85964, 0.36909]], [[0.00000, 0.12564, 0.41549, 0.00000], [0.00216, 0.09873, 0.58909, 0.19434], [0.00000, 0.12795, 0.24823, 0.46552]], [[0.00000, 0.07189, 0.44552, 0.11000], [0.00000, 0.02477, 0.05261, 0.36368], [0.00000, 0.03958, 0.02644, 0.45148]]], fitness: 0.96753 }
Generation Elapsed Time: 1s
Starting Gen:77
Avg. Fitness -> 0.8609956709956711
Population diversity -> 0
Best Genome -> Genome { string: [[[0.00000, 0.32343, 0.00000, 0.09605], [0.00000, 0.30914, 0.51116, 0.68576], [0.45799, 0.91379, 0.40277, 0.22698]], [[0.18651, 0.53315, 0.00000, 0.09482], [0.04828, 0.59598, 0.54839, 0.55596], [0.39510, 0.07899, 0.71488, 0.13069]], [[0.00000, 0.08488, 0.43309, 0.02329], [0.00110, 0.01097, 0.52908, 0.21171], [0.00000, 0.15170, 0.22397, 0.65326]], [[0.00000, 0.13742, 0.64691, 0.18010], [0.00000, 0.00000, 0.00011, 0.36484], [0.00747, 0.12905, 0.06095, 0.54429]]], fitness: 0.97186 }
Generation Elapsed Time: 1s
Starting Gen:78
Avg. Fitness -> 0.874047619047619
Population diversity -> 0
Best Genome -> Genome { string: [[[0.12797, 0.27089, 0.09086, 0.16890], [0.17265, 0.44165, 0.49508, 0.71236], [0.41381, 0.78765, 0.34320, 0.36883]], [[0.00849, 0.53395, 0.26550, 0.09739], [0.08894, 0.49564, 0.56771, 0.65937], [0.52108, 0.18106, 0.76635, 0.39257]], [[0.00000, 0.04520, 0.31334, 0.05601], [0.00000, 0.00000, 0.71757, 0.31837], [0.04340, 0.18316, 0.20612, 0.53637]], [[0.00000, 0.13114, 0.54008, 0.10301], [0.00000, 0.00000, 0.00000, 0.31373], [0.00788, 0.08949, 0.00000, 0.62534]]], fitness: 0.99242 }
Generation Elapsed Time: 1s
Starting Gen:79
Avg. Fitness -> 0.8629437229437231
Population diversity -> 0
Best Genome -> Genome { string: [[[0.07758, 0.57055, 0.12455, 0.08945], [0.05622, 0.42451, 0.47349, 0.59079], [0.55532, 0.81454, 0.59952, 0.30642]], [[0.06285, 0.62688, 0.11575, 0.06498], [0.00000, 0.39342, 0.46942, 0.50890], [0.34400, 0.07327, 0.91189, 0.40958]], [[0.00000, 0.06254, 0.33875, 0.09731], [0.00401, 0.08993, 0.51638, 0.28970], [0.08710, 0.09143, 0.26819, 0.57276]], [[0.00212, 0.13041, 0.53996, 0.20027], [0.00000, 0.00000, 0.04194, 0.33783], [0.02878, 0.04868, 0.06429, 0.63134]]], fitness: 0.97078 }
Generation Elapsed Time: 1s
Starting Gen:80
Avg. Fitness -> 0.8711255411255414
Population diversity -> 0
Best Genome -> Genome { string: [[[0.08768, 0.37935, 0.00306, 0.18441], [0.12924, 0.20495, 0.31056, 0.70099], [0.48563, 0.65337, 0.37947, 0.20340]], [[0.09615, 0.66470, 0.10076, 0.22197], [0.04769, 0.52571, 0.50547, 0.60290], [0.30136, 0.09056, 0.92290, 0.37075]], [[0.00000, 0.17392, 0.45291, 0.00000], [0.00000, 0.04338, 0.67372, 0.34351], [0.08173, 0.11496, 0.40826, 0.67398]], [[0.00000, 0.10456, 0.53245, 0.06152], [0.00000, 0.04341, 0.00000, 0.28509], [0.00000, 0.02333, 0.03444, 0.48091]]], fitness: 0.97944 }
Generation Elapsed Time: 1s
Starting Gen:81
Avg. Fitness -> 0.880952380952381
Population diversity -> 0
Best Genome -> Genome { string: [[[0.11720, 0.51760, 0.23139, 0.03394], [0.09963, 0.32380, 0.23447, 0.71876], [0.52263, 0.81321, 0.45290, 0.22536]], [[0.04425, 0.54332, 0.22461, 0.15653], [0.00000, 0.47949, 0.61056, 0.60525], [0.41564, 0.00000, 0.85107, 0.44487]], [[0.00000, 0.17033, 0.43529, 0.04721], [0.00000, 0.00000, 0.69207, 0.27872], [0.07796, 0.10316, 0.30047, 0.60798]], [[0.00000, 0.00000, 0.49879, 0.04330], [0.00000, 0.00000, 0.00000, 0.41752], [0.07012, 0.11467, 0.00298, 0.52431]]], fitness: 0.98485 }
Generation Elapsed Time: 1s
Starting Gen:82
Avg. Fitness -> 0.8962337662337658
Population diversity -> 0
Best Genome -> Genome { string: [[[0.10159, 0.50551, 0.06317, 0.06654], [0.19792, 0.28009, 0.36185, 0.60265], [0.40124, 0.68341, 0.36321, 0.27204]], [[0.13649, 0.54630, 0.00000, 0.11600], [0.00908, 0.47114, 0.48379, 0.64315], [0.39594, 0.00764, 0.83645, 0.41601]], [[0.06836, 0.06838, 0.45667, 0.04724], [0.00000, 0.00000, 0.55643, 0.30580], [0.09960, 0.15390, 0.31273, 0.54696]], [[0.00000, 0.11905, 0.51603, 0.12906], [0.00000, 0.02317, 0.06907, 0.34489], [0.00000, 0.03477, 0.12905, 0.59816]]], fitness: 0.98918 }
Generation Elapsed Time: 1s
Starting Gen:83
Avg. Fitness -> 0.9135714285714289
Population diversity -> 0
Best Genome -> Genome { string: [[[0.06660, 0.46930, 0.13732, 0.00000], [0.02782, 0.37996, 0.33571, 0.57991], [0.44051, 0.77128, 0.44373, 0.17134]], [[0.07245, 0.55442, 0.09501, 0.12409], [0.00935, 0.47989, 0.55535, 0.64334], [0.39053, 0.02510, 0.84047, 0.39510]], [[0.00000, 0.09357, 0.45988, 0.02157], [0.00000, 0.00728, 0.63527, 0.21404], [0.00000, 0.11059, 0.34039, 0.54575]], [[0.01078, 0.06331, 0.47883, 0.06368], [0.00000, 0.00000, 0.00000, 0.33175], [0.00000, 0.07277, 0.06300, 0.51917]]], fitness: 0.97078 }
Generation Elapsed Time: 1s
Starting Gen:84
Avg. Fitness -> 0.9213419913419915
Population diversity -> 0
Best Genome -> Genome { string: [[[0.09395, 0.49929, 0.11489, 0.12000], [0.01767, 0.36452, 0.37385, 0.62678], [0.50840, 0.71658, 0.51662, 0.16278]], [[0.05658, 0.55173, 0.03537, 0.12138], [0.05065, 0.50496, 0.51859, 0.66011], [0.40134, 0.07168, 0.75076, 0.35580]], [[0.01315, 0.13162, 0.44385, 0.03187], [0.00000, 0.00000, 0.57873, 0.28692], [0.05828, 0.13510, 0.37808, 0.54939]], [[0.00000, 0.04716, 0.46100, 0.09326], [0.00000, 0.05138, 0.00000, 0.34845], [0.00743, 0.04459, 0.05606, 0.51062]]], fitness: 0.98593 }
Generation Elapsed Time: 0s
Starting Gen:85
Avg. Fitness -> 0.9285281385281386
Population diversity -> 0
Best Genome -> Genome { string: [[[0.10603, 0.39766, 0.09029, 0.05129], [0.04677, 0.41536, 0.34189, 0.65245], [0.46782, 0.65415, 0.46808, 0.19454]], [[0.05292, 0.53738, 0.11477, 0.07864], [0.03968, 0.48679, 0.51650, 0.68124], [0.39600, 0.04416, 0.78864, 0.42453]], [[0.01121, 0.13928, 0.39649, 0.05322], [0.00780, 0.02770, 0.59790, 0.23766], [0.04675, 0.11316, 0.32344, 0.50695]], [[0.00000, 0.05304, 0.48187, 0.13676], [0.00000, 0.02832, 0.00000, 0.38713], [0.00000, 0.03721, 0.07529, 0.57344]]], fitness: 0.97619 }
Generation Elapsed Time: 1s
Starting Gen:86
Avg. Fitness -> 0.9343939393939393
Population diversity -> 0
Best Genome -> Genome { string: [[[0.10489, 0.39255, 0.14632, 0.05562], [0.03822, 0.44559, 0.36770, 0.62041], [0.43683, 0.73038, 0.50753, 0.18517]], [[0.00000, 0.50927, 0.07580, 0.13130], [0.06068, 0.45181, 0.51054, 0.67239], [0.34817, 0.05148, 0.81162, 0.42172]], [[0.00000, 0.17137, 0.41242, 0.05241], [0.00000, 0.01691, 0.59616, 0.24474], [0.07785, 0.09673, 0.36259, 0.51315]], [[0.00000, 0.06010, 0.46968, 0.08657], [0.00474, 0.00000, 0.04115, 0.38877], [0.00000, 0.05074, 0.12543, 0.55327]]], fitness: 0.98377 }
Generation Elapsed Time: 0s
Starting Gen:87
Avg. Fitness -> 0.9447402597402599
Population diversity -> 0
Best Genome -> Genome { string: [[[0.06428, 0.40912, 0.08663, 0.04814], [0.02939, 0.38874, 0.27726, 0.56596], [0.41738, 0.67784, 0.42668, 0.17304]], [[0.03636, 0.54152, 0.02044, 0.03089], [0.04390, 0.52001, 0.52852, 0.66795], [0.35384, 0.05275, 0.78235, 0.46227]], [[0.00000, 0.11827, 0.35171, 0.00456], [0.00000, 0.01778, 0.43863, 0.26334], [0.06140, 0.08625, 0.35172, 0.43120]], [[0.00000, 0.08992, 0.45297, 0.10401], [0.00000, 0.00412, 0.00000, 0.35696], [0.00000, 0.04669, 0.06949, 0.48220]]], fitness: 0.98918 }
Generation Elapsed Time: 0s
Starting Gen:88
Avg. Fitness -> 0.9439177489177486
Population diversity -> 0
Best Genome -> Genome { string: [[[0.09462, 0.41251, 0.19879, 0.02257], [0.04561, 0.34490, 0.30337, 0.62025], [0.37345, 0.73822, 0.45825, 0.25805]], [[0.01834, 0.55082, 0.04590, 0.06279], [0.00000, 0.48150, 0.54062, 0.61975], [0.38209, 0.03693, 0.84697, 0.35621]], [[0.00000, 0.18268, 0.41511, 0.00000], [0.00000, 0.02838, 0.58963, 0.28404], [0.00000, 0.10499, 0.34213, 0.44134]], [[0.00000, 0.08323, 0.46880, 0.02328], [0.00000, 0.01456, 0.03758, 0.39955], [0.01588, 0.00000, 0.08164, 0.50981]]], fitness: 0.98377 }
Generation Elapsed Time: 1s
Starting Gen:89
Avg. Fitness -> 0.9405627705627707
Population diversity -> 0
Best Genome -> Genome { string: [[[0.03250, 0.45713, 0.09557, 0.12653], [0.01630, 0.33763, 0.33509, 0.58886], [0.38515, 0.71661, 0.50037, 0.20792]], [[0.05620, 0.55536, 0.09190, 0.08565], [0.00000, 0.47632, 0.53951, 0.66092], [0.34189, 0.03800, 0.86684, 0.33319]], [[0.00902, 0.14147, 0.42174, 0.05257], [0.00000, 0.06964, 0.49145, 0.31787], [0.00000, 0.09148, 0.27183, 0.50361]], [[0.00000, 0.07223, 0.48470, 0.14070], [0.00000, 0.01385, 0.00369, 0.33129], [0.00000, 0.05380, 0.14690, 0.53627]]], fitness: 0.98810 }
Generation Elapsed Time: 0s
Starting Gen:90
Avg. Fitness -> 0.9401298701298701
Population diversity -> 0
Best Genome -> Genome { string: [[[0.06206, 0.38533, 0.10343, 0.02086], [0.02349, 0.41023, 0.31002, 0.64647], [0.42698, 0.69240, 0.45481, 0.18266]], [[0.03931, 0.51316, 0.04110, 0.06483], [0.05381, 0.50629, 0.54655, 0.66794], [0.37545, 0.01580, 0.79081, 0.35161]], [[0.00000, 0.13706, 0.37622, 0.03862], [0.00000, 0.00770, 0.53170, 0.25644], [0.02325, 0.10332, 0.35389, 0.45206]], [[0.00000, 0.10698, 0.51080, 0.09037], [0.00000, 0.03188, 0.04059, 0.33850], [0.00000, 0.03575, 0.07492, 0.53993]]], fitness: 0.99026 }
Generation Elapsed Time: 0s
Starting Gen:91
Avg. Fitness -> 0.9501731601731599
Population diversity -> 0
Best Genome -> Genome { string: [[[0.11577, 0.43045, 0.11911, 0.05762], [0.03845, 0.34900, 0.33544, 0.61762], [0.40962, 0.70383, 0.49001, 0.20427]], [[0.02834, 0.54263, 0.02293, 0.05555], [0.01691, 0.47492, 0.52909, 0.64451], [0.35304, 0.02067, 0.78534, 0.37696]], [[0.00218, 0.12652, 0.37189, 0.04456], [0.00000, 0.00384, 0.55504, 0.25318], [0.05755, 0.10862, 0.33388, 0.52279]], [[0.00000, 0.12945, 0.47845, 0.08749], [0.00000, 0.05696, 0.04551, 0.40679], [0.00000, 0.03105, 0.06408, 0.57334]]], fitness: 0.98593 }
Generation Elapsed Time: 0s
Starting Gen:92
Avg. Fitness -> 0.9512770562770565
Population diversity -> 0
Best Genome -> Genome { string: [[[0.06348, 0.41318, 0.09439, 0.02486], [0.01170, 0.36631, 0.30015, 0.61679], [0.42633, 0.68892, 0.48171, 0.16776]], [[0.02949, 0.52371, 0.01136, 0.06185], [0.03165, 0.51397, 0.49640, 0.64719], [0.35074, 0.10028, 0.83814, 0.38302]], [[0.02312, 0.10033, 0.38087, 0.04079], [0.00000, 0.02290, 0.54884, 0.26945], [0.06032, 0.12997, 0.33026, 0.49048]], [[0.00076, 0.09615, 0.47836, 0.07468], [0.00000, 0.02197, 0.03346, 0.33838], [0.00000, 0.01659, 0.08133, 0.53578]]], fitness: 0.98701 }
Generation Elapsed Time: 0s
Starting Gen:93
Avg. Fitness -> 0.9552597402597404
Population diversity -> 0
Best Genome -> Genome { string: [[[0.09046, 0.40299, 0.10567, 0.02083], [0.03590, 0.39185, 0.30727, 0.60028], [0.46325, 0.69494, 0.45481, 0.16906]], [[0.02792, 0.51396, 0.02028, 0.05394], [0.02300, 0.47506, 0.52391, 0.64341], [0.34157, 0.03849, 0.77836, 0.37793]], [[0.00852, 0.09782, 0.38934, 0.02152], [0.00000, 0.00000, 0.53392, 0.25233], [0.05172, 0.11916, 0.37689, 0.48224]], [[0.00000, 0.12494, 0.47031, 0.02083], [0.00000, 0.02946, 0.02846, 0.34508], [0.00000, 0.02890, 0.06666, 0.50191]]], fitness: 0.99351 }
Generation Elapsed Time: 0s
Starting Gen:94
Avg. Fitness -> 0.959805194805195
Population diversity -> 0
Best Genome -> Genome { string: [[[0.07121, 0.42971, 0.11877, 0.00802], [0.05173, 0.38843, 0.33337, 0.61267], [0.44838, 0.66560, 0.43863, 0.20332]], [[0.02416, 0.55066, 0.03712, 0.09258], [0.01217, 0.46603, 0.54831, 0.62903], [0.36979, 0.00717, 0.80584, 0.38695]], [[0.00000, 0.13332, 0.41271, 0.00718], [0.00000, 0.02172, 0.56442, 0.24921], [0.08778, 0.09895, 0.35846, 0.49287]], [[0.00000, 0.08264, 0.48653, 0.05926], [0.00000, 0.04443, 0.05846, 0.33078], [0.02162, 0.04457, 0.05320, 0.53410]]], fitness: 0.98485 }
Generation Elapsed Time: 0s
Starting Gen:95
Avg. Fitness -> 0.9555194805194802
Population diversity -> 0
Best Genome -> Genome { string: [[[0.10228, 0.43144, 0.09825, 0.04786], [0.05924, 0.37794, 0.30276, 0.61482], [0.40501, 0.72356, 0.42295, 0.18695]], [[0.00000, 0.52996, 0.01606, 0.04761], [0.04166, 0.48370, 0.55282, 0.69982], [0.37068, 0.01166, 0.78331, 0.38983]], [[0.01335, 0.12642, 0.38634, 0.00327], [0.00000, 0.01178, 0.56999, 0.23917], [0.07913, 0.10878, 0.34705, 0.52053]], [[0.00000, 0.06146, 0.45276, 0.03089], [0.00000, 0.03331, 0.01146, 0.34162], [0.00362, 0.04502, 0.09123, 0.49714]]], fitness: 0.98918 }
Generation Elapsed Time: 0s
Starting Gen:96
Avg. Fitness -> 0.9568181818181819
Population diversity -> 0
Best Genome -> Genome { string: [[[0.05206, 0.43528, 0.11140, 0.00415], [0.00534, 0.41340, 0.29716, 0.61570], [0.43296, 0.65447, 0.44840, 0.16039]], [[0.00633, 0.53134, 0.03033, 0.04937], [0.04580, 0.46606, 0.51398, 0.65929], [0.36461, 0.02596, 0.80930, 0.39096]], [[0.00088, 0.08217, 0.38710, 0.01140], [0.00000, 0.00000, 0.54183, 0.23929], [0.06895, 0.11549, 0.36194, 0.48658]], [[0.00000, 0.09423, 0.45830, 0.04675], [0.00000, 0.01245, 0.02678, 0.33153], [0.00236, 0.03954, 0.08401, 0.50081]]], fitness: 0.99459 }
Generation Elapsed Time: 0s
Starting Gen:97
Avg. Fitness -> 0.9570346320346319
Population diversity -> 0
Best Genome -> Genome { string: [[[0.06748, 0.40407, 0.09717, 0.01183], [0.01523, 0.39628, 0.29551, 0.59594], [0.41659, 0.65559, 0.44826, 0.20305]], [[0.00860, 0.53206, 0.05278, 0.06263], [0.00082, 0.44939, 0.50616, 0.66705], [0.36219, 0.02739, 0.80967, 0.37276]], [[0.00233, 0.09119, 0.36918, 0.00651], [0.00000, 0.01438, 0.54211, 0.18754], [0.04077, 0.11784, 0.31502, 0.46686]], [[0.00000, 0.09261, 0.45762, 0.00275], [0.00000, 0.02693, 0.03147, 0.32836], [0.01049, 0.03205, 0.03157, 0.52482]]], fitness: 0.99242 }
Generation Elapsed Time: 0s
Starting Gen:98
Avg. Fitness -> 0.9560389610389609
Population diversity -> 0
Best Genome -> Genome { string: [[[0.06082, 0.37015, 0.11583, 0.00018], [0.06304, 0.36164, 0.32534, 0.61041], [0.43530, 0.68064, 0.43919, 0.18600]], [[0.04302, 0.54011, 0.03979, 0.05455], [0.08592, 0.48460, 0.55356, 0.67326], [0.37628, 0.03213, 0.79867, 0.34797]], [[0.00055, 0.11689, 0.40383, 0.04270], [0.00000, 0.00235, 0.54028, 0.23846], [0.04971, 0.08267, 0.37571, 0.48292]], [[0.00597, 0.09530, 0.46477, 0.05885], [0.00000, 0.01583, 0.02230, 0.36635], [0.00000, 0.02242, 0.04526, 0.53264]]], fitness: 0.98701 }
Generation Elapsed Time: 0s
Starting Gen:99
Avg. Fitness -> 0.9558225108225106
Population diversity -> 0
Best Genome -> Genome { string: [[[0.07291, 0.39454, 0.08329, 0.01046], [0.03925, 0.39431, 0.32137, 0.59398], [0.47466, 0.67465, 0.45279, 0.19442]], [[0.04767, 0.52657, 0.02118, 0.04139], [0.03852, 0.48078, 0.55675, 0.67780], [0.37888, 0.05107, 0.81154, 0.35645]], [[0.02139, 0.08310, 0.36409, 0.01668], [0.00251, 0.00000, 0.56119, 0.22074], [0.07559, 0.12032, 0.35590, 0.49052]], [[0.00000, 0.06142, 0.44930, 0.06128], [0.00000, 0.03045, 0.04761, 0.37718], [0.00704, 0.03015, 0.04763, 0.49495]]], fitness: 0.98268 }
Generation Elapsed Time: 0s
Additional commands for algorithm analysis
